1
mu1                   LogLik                BIC
26                    -813.45890599614      -1630.31900937394
19.979                -269.67229099614      -542.745779373943
19.979                -269.67229099614      -542.745779373943
       xi    P(cls 1 | xi)
[1,]  14.04 1
[2,]  14.71 1
[3,]  15.26 1
[4,]  13.85 1
[5,]  15.2  1
[6,]  15.03 1
[7,]  15.09 1
[8,]  16.12 1
[9,]  13.78 1
[10,] 16.27 1
[11,] 20.26 1
[12,] 19.87 1
[13,] 20.28 1
[14,] 21.25 1
[15,] 21.15 1
[16,] 20.69 1
[17,] 20.05 1
[18,] 20.35 1
[19,] 22.22 1
[20,] 21.2  1
[21,] 23.84 1
[22,] 23.12 1
[23,] 24.59 1
[24,] 21.67 1
[25,] 24.03 1
[26,] 23.52 1
[27,] 27.32 1
[28,] 27.02 1
[29,] 24.86 1
[30,] 22.73 1
2
mu1                   mu2                   LogLik                BIC
24                    26                    -523.039100645245     -1052.88059605381
19.280736383567       26.2304781361326      -184.096584710245     -374.995564183815
18.1491298338407      24.6838944401016      -148.113542977447     -303.029480718217
17.5214378765228      23.9651220128848      -134.583843296121     -275.970081355565
16.8323906846471      23.3711298652525      -121.854232702129     -250.510860167582
15.8220843957252      22.7857164491135      -104.369512365333     -215.541419493991
14.9488662913276      22.5045321171689      -99.6530275036746     -206.108449770674
14.9351226760743      22.5010313436529      -99.651959772431      -206.106314308186
14.9351135039821      22.5010290028441      -99.6519597719552     -206.106314307235
                          xi                       P(cls 1 | xi)            P(cls 2 | xi)
[1,]                     14.04                    1                        4.25234113653085E-16
[2,]                     14.71                    0.999999999999932        6.76297502146007E-14
[3,]                     15.26                    0.999999999995661        4.338576173037E-12
[4,]                     13.85                    1                        1.00999536541192E-16
[5,]                     15.2                     0.999999999997245        2.75547900120049E-12
[6,]                     15.03                    0.999999999999239        7.61386366383703E-13
[7,]                     15.09                    0.999999999998801        1.19882341554124E-12
[8,]                     16.12                    0.99999999709487         2.90513038046188E-09
[9,]                     13.78                    1                        5.94717757704305E-17
[10,]                    16.27                    0.999999990962654        9.03734638104167E-09
[11,]                    20.26                    8.57970367578123E-06     0.999991420296324
[12,]                    19.87                    0.000164013866037641     0.999835986133962
[13,]                    20.28                    7.37489947126313E-06     0.999992625100529
[14,]                    21.25                    4.79180365434076E-09     0.999999995208196
[15,]                    21.15                    1.02113355413411E-08     0.999999989788665
[16,]                    20.69                    3.31563464888515E-07     0.999999668436535
[17,]                    20.05                    4.20226259898789E-05     0.99995797737401
[18,]                    20.35                    4.34259119081024E-06     0.999995657408809
[19,]                    22.22                    3.11342727223841E-12     0.999999999996887
[20,]                    21.2                     6.99504932164646E-09     0.999999993004951
[21,]                    23.84                    1.47974014259152E-17     1
[22,]                    23.12                    3.43547591974999E-15     0.999999999999997
[23,]                    24.59                    5.07935938267484E-20     1
[24,]                    21.67                    1.99732238169683E-10     0.999999999800268
[25,]                    24.03                    3.51460674966136E-18     1
[26,]                    23.52                    1.6659147295171E-16      1
[27,]                    27.32                    5.43849121882542E-29     1
[28,]                    27.02                    5.26294749242497E-28     1
[29,]                    24.86                    6.58617698277173E-21     1
[30,]                    22.73                    6.56844693893432E-14     0.999999999999934
3
mu1                   mu2                   mu3                   LogLik                BIC
19                    15                    23                    -94.5819935291238     -199.367579203234
20.3335241889537      14.9246286636289      23.5376219580957      -81.1231323438642     -172.449856832715
20.7019564676983      14.9348850691033      24.2267637294608      -76.8242180825949     -163.852028310176
20.8509491157752      14.9349816712361      24.5238444059383      -76.103231456173      -162.410055057332
20.9237995592296      14.9349943809767      24.6385235693412      -75.9796269348766     -162.16284601474
20.9573881703263      14.93499838996        24.6875156713937      -75.9556723971963     -162.114936939379
20.972719377101       14.93499991137        24.7094503286398      -75.9507890266806     -162.105170198348
20.9797382523359      14.9350005495127      24.7194341527195      -75.9497718748649     -162.103135894716
20.9829606372789      14.9350008309351      24.7240079501882      -75.9495579638859     -162.102708072758
                          xi                       P(cls 1 | xi)            P(cls 2 | xi)            P(cls 3 | xi)
[1,]                     14.04                    5.08654114952936E-11     0.999999999949135        2.43787712201231E-25
[2,]                     14.71                    2.92577950482574E-09     0.99999999707422         1.71945454699006E-22
[3,]                     15.26                    8.1445880564923E-08      0.999999918554119        3.7463827249464E-20
[4,]                     13.85                    1.61201620699031E-11     0.99999999998388         3.79544388220711E-26
[5,]                     15.2                     5.66595863567828E-08     0.999999943340414        2.08225276016317E-20
[6,]                     15.03                    2.02652594578255E-08     0.999999979734741        3.94285186277414E-21
[7,]                     15.09                    2.91304973055049E-08     0.999999970869503        7.09396698782097E-21
[8,]                     16.12                    1.47820589346731E-05     0.999985217941065        1.69720336602963E-16
[9,]                     13.78                    1.0556202528436E-11      0.999999999989444        1.91280522866901E-26
[10,]                    16.27                    3.66196998922436E-05     0.999963380300107        7.36921396591909E-16
[11,]                    20.26                    0.999937960077388        9.0391177477657E-07      6.11360108374765E-05
[12,]                    19.87                    0.999976226115974        9.56125576423443E-06     1.42126282618837E-05
[13,]                    20.28                    0.99993331364168         8.00925487578028E-07     6.58854328328658E-05
[14,]                    21.25                    0.997524192248141        2.26332442574972E-09     0.00247580548853432
[15,]                    21.15                    0.99829556022599         4.14707672148981E-09     0.00170443562693316
[16,]                    20.69                    0.999694567862379        6.70786363263397E-08     0.000305365058984544
[17,]                    20.05                    0.99996891205357         3.21902653370422E-06     2.78689198963815E-05
[18,]                    20.35                    0.999913868170821        5.24471602900041E-07     8.56073575758728E-05
[19,]                    22.22                    0.914502628928346        5.87774347390055E-12     0.0854973710657762
[20,]                    21.2                     0.997945695436327        3.06379752476254E-09     0.0020543014998751
[21,]                    23.84                    0.0243492904798133       8.69815526920241E-18     0.975650709520187
[22,]                    23.12                    0.269522241755188        7.49349231606806E-15     0.730477758244805
[23,]                    24.59                    0.00150660702487242      5.76758701346343E-21     0.998493392975128
[24,]                    21.67                    0.988196328010608        1.76805784393606E-10     0.0118036718125866
[25,]                    24.03                    0.0121116615396066       1.37117034739996E-18     0.987888338460393
[26,]                    23.52                    0.0763174532027183       1.88831871256216E-16     0.923682546797282
[27,]                    27.32                    5.53578902309644E-08     1.43076329261469E-32     0.99999994464211
[28,]                    27.02                    1.70056932793101E-07     2.69749887476133E-31     0.999999829943067
[29,]                    24.86                    0.000549215557079731     4.10729781060019E-22     0.99945078444292
[30,]                    22.73                    0.613479178277623        1.80410477435587E-13     0.386520821722197
4
mu1                   mu2                   mu3                   mu4                   LogLik                BIC
19                    14                    16                    15                    -233.318806580506     -480.242402687662
22.4928002204804      14.4234181335109      15.486307605713       14.9429025764655      -109.788281894959     -233.181353316567
22.5014157653577      14.6117388314803      15.275930192849       14.9284212353589      -109.582273649512     -232.769336825673
22.5011841560893      14.722970118244       15.1580524365557      14.9271001289739      -109.511440321855     -232.627670170358
22.5011239775948      14.793788620073       15.0842637202638      14.9286129100106      -109.482650032255     -232.57008959116
22.5011027162322      14.8402158807718      15.0357395418453      14.9303107145447      -109.470120780942     -232.545031088533
22.5010940082231      14.8711568600726      15.0032437469749      14.9317215268887      -109.464503604487     -232.533796735623
22.5010902167433      14.8919484160977      14.981324164217       14.9327922804595      -109.46195182665      -232.52869317995
22.5010885203999      14.905976090999       14.9664949309487      14.9335699385973      -109.460785773263     -232.526361073175
22.5010877516898      14.9154590237267      14.9564509285944      14.9341207286272      -109.460251552462     -232.525292631572
                          xi                       P(cls 1 | xi)            P(cls 2 | xi)            P(cls 3 | xi)            P(cls 4 | xi)
[1,]                     14.04                    1.41707368735892E-16     0.339263289997258        0.327029235284611        0.333707474718131
[2,]                     14.71                    2.25371036040045E-14     0.334808710804072        0.331721921241557        0.333469367954349
[3,]                     15.26                    1.44565064723972E-12     0.331164532810242        0.335592810870023        0.333242656318289
[4,]                     13.85                    3.36569617054034E-17     0.340529481098233        0.325703135943373        0.333767382958394
[5,]                     15.2                     9.18163126577498E-13     0.33156151302019         0.335169730105296        0.333268756873596
[6,]                     15.03                    2.53713859235724E-13     0.332687049473346        0.333972061541559        0.333340888984841
[7,]                     15.09                    3.99474390831047E-13     0.332289673683849        0.334394588564925        0.333315737750826
[8,]                     16.12                    9.67695391638864E-10     0.325490243844536        0.341677991889236        0.332831763298532
[9,]                     13.78                    1.98181030087453E-17     0.340996293425611        0.32521510049779         0.333788606076599
[10,]                    16.27                    3.01009198154939E-09     0.324503634182576        0.342743303990183        0.332753058817149
[11,]                    20.26                    0.999974127035599        7.72655206000552E-06     9.61097297205623E-06     8.53543936909482E-06
[12,]                    19.87                    0.999505865762487        0.000148797978560307     0.000182152717359169     0.000163183541593311
[13,]                    20.28                    0.999977759446316        6.63894970791789E-06     8.2648894845632E-06      7.33671449161367E-06
[14,]                    21.25                    0.999999985523666        4.23198611519194E-09     5.48214334909479E-09     4.7622041529404E-09
[15,]                    21.15                    0.999999969156897        9.03615968076985E-09     1.16576173080501E-08     1.01493260507793E-08
[16,]                    20.69                    0.999998999375693        2.96077876247773E-07     3.74837193627844E-07     3.29709236706097E-07
[17,]                    20.05                    0.999873328710865        3.79983958126471E-05     4.68606540485889E-05     4.1812239273702E-05
[18,]                    20.35                    0.999986902381284        3.90387209943056E-06     4.87393161807307E-06     4.31981499864727E-06
[19,]                    22.22                    0.999999999990575        2.69761174036053E-12     3.63625287557849E-12     3.09104091377959E-12
[20,]                    21.2                     0.999999978869578        6.18392289898884E-09     7.99429355147093E-09     6.95220560803538E-09
[21,]                    23.84                    1                        1.24181468647912E-17     1.78884030072678E-17     1.46659998595698E-17
[22,]                    23.12                    0.99999999999999         2.9243033014989E-15      4.08996273939757E-15     3.40754761377572E-15
[23,]                    24.59                    1                        4.20009649344601E-20     6.23915773472536E-20     5.03028578593802E-20
[24,]                    21.67                    0.999999999396087        1.74943425841521E-10     2.30558349540415E-10     1.98410826333271E-10
[25,]                    24.03                    1                        2.93847106842392E-18     4.26597871167938E-18     3.48270101236713E-18
[26,]                    23.52                    1                        1.40690163791214E-16     2.00023810024669E-16     1.65167701005425E-16
[27,]                    27.32                    1                        4.26143905366601E-29     7.07984846874961E-29     5.37050885444229E-29
[28,]                    27.02                    1                        4.14834904520043E-28     6.80772814443083E-28     5.19879920444053E-28
[29,]                    24.86                    1                        5.41716619298734E-21     8.13664835823591E-21     6.52069389281831E-21
[30,]                    22.73                    0.999999999999801        5.63426314914726E-14     7.7551654254214E-14      6.5177218392318E-14
5
mu1                   mu2                   mu3                   mu4                   mu5                   LogLik                BIC
19                    17                    13                    17                    19                    -236.780295708888     -490.566578326086
22.4893603871275      15.5407815977102      14.2552647694141      15.5407815977102      22.4893603871275      -103.133654917775     -223.273296743861
22.5014852837465      15.2004172574709      14.4617860221572      15.2004172574709      22.5014852837465      -102.503265734058     -222.012518376427
22.5011068768249      15.0898163553979      14.6219931055358      15.0898163553979      22.5011068768249      -102.372626849415     -221.75124060714
22.5010650176293      15.0368274083781      14.7296536832293      15.0368274083781      22.5010650176293      -102.325946882002     -221.657880672315
22.5010530699551      15.003244453887       14.798423965808       15.003244453887       22.5010530699551      -102.306703565561     -221.619394039433
22.5010479359796      14.9809677321723      14.8434191124733      14.9809677321723      22.5010479359796      -102.298332003343     -221.602650914997
22.5010455694716      14.9660554038349      14.8733613321097      14.9660554038349      22.5010455694716      -102.294597550017     -221.595182008345
22.5010444688839      14.9560269596051      14.8934489156593      14.9560269596051      22.5010444688839      -102.292911215253     -221.591809338816
22.5010439571564      14.949265666716       14.9069787999323      14.949265666716       22.5010439571564      -102.292145016147     -221.590276940605
                          xi                       P(cls 1 | xi)            P(cls 2 | xi)            P(cls 3 | xi)            P(cls 4 | xi)            P(cls 5 | xi)
[1,]                     14.04                    1.41739801027064E-16     0.32913466753004         0.341730664939921        0.32913466753004         1.41739801027064E-16
[2,]                     14.71                    2.25451763383625E-14     0.332306906497962        0.335386187004031        0.332306906497962        2.25451763383625E-14
[3,]                     15.26                    1.4462646359955E-12      0.334889010264493        0.330221979468122        0.334889010264493        1.4462646359955E-12
[4,]                     13.85                    3.36630976104603E-17     0.328229837602248        0.343540324795503        0.328229837602248        3.36630976104603E-17
[5,]                     15.2                     9.18547984667491E-13     0.334608305027657        0.330783389942848        0.334608305027657        9.18547984667491E-13
[6,]                     15.03                    2.53815642603877E-13     0.333811665981844        0.332376668035805        0.333811665981844        2.53815642603877E-13
[7,]                     15.09                    3.99637337831266E-13     0.33409305289849         0.33181389420222         0.33409305289849         3.99637337831266E-13
[8,]                     16.12                    9.68140172979999E-10     0.338885603849891        0.322228790363937        0.338885603849891        9.68140172979999E-10
[9,]                     13.78                    1.9821353878207E-17      0.327895903945731        0.344208192108539        0.327895903945731        1.9821353878207E-17
[10,]                    16.27                    3.01146858203851E-09     0.339577470608203        0.320845052760656        0.339577470608203        3.01146858203851E-09
[11,]                    20.26                    0.499993528885121        4.625293667775E-06       3.69164242207344E-06     4.625293667775E-06       0.499993528885121
[12,]                    19.87                    0.499876401353815        8.79263130868841E-05     7.13446661957251E-05     8.79263130868841E-05     0.499876401353815
[13,]                    20.28                    0.499994437356223        3.97691389734483E-06     3.17145975894753E-06     3.97691389734483E-06     0.499994437356223
[14,]                    21.25                    0.499999996377761        2.6196679450197E-09      2.00514257560273E-09     2.6196679450197E-09      0.499999996377761
[15,]                    21.15                    0.499999992282871        5.57462690397639E-09     4.28500481522661E-09     5.57462690397639E-09     0.499999992282871
[16,]                    20.69                    0.499999749690423        1.79835567675791E-07     1.40948019013431E-07     1.79835567675791E-07     0.499999749690423
[17,]                    20.05                    0.499968319147441        2.25867371959364E-05     1.8188230725567E-05      2.25867371959364E-05     0.499968319147441
[18,]                    20.35                    0.499996724040979        2.34406407928053E-06     1.86378988278385E-06     2.34406407928053E-06     0.499996724040979
[19,]                    22.22                    0.499999999997641        1.72560534867937E-12     1.26772917899758E-12     1.72560534867937E-12     0.499999999997641
[20,]                    21.2                     0.499999994712915        3.82147503303906E-09     2.9312191328563E-09      3.82147503303906E-09     0.499999994712915
[21,]                    23.84                    0.5                      8.39140227637357E-18     5.75663012200346E-18     8.39140227637357E-18     0.5
[22,]                    23.12                    0.499999999999997        1.92848116755252E-15     1.36386678467336E-15     1.92848116755252E-15     0.499999999999997
[23,]                    24.59                    0.5                      2.91113812016426E-20     1.93474120491455E-20     2.91113812016426E-20     0.5
[24,]                    21.67                    0.499999999848859        1.09843428563957E-10     8.25961515590567E-11     1.09843428563957E-10     0.499999999848859
[25,]                    24.03                    0.5                      1.99844577902458E-18     1.35999343885418E-18     1.99844577902458E-18     0.5
[26,]                    23.52                    0.5                      9.40453108161564E-17     6.53954775557682E-17     9.40453108161564E-17     0.5
[27,]                    27.32                    0.5                      3.23961733177066E-29     1.91830413177582E-29     3.23961733177066E-29     0.5
[28,]                    27.02                    0.5                      3.12178080394452E-28     1.87212843698926E-28     3.12178080394452E-28     0.5
[29,]                    24.86                    0.5                      3.78917783651374E-21     2.48969714322062E-21     3.78917783651374E-21     0.5
[30,]                    22.73                    0.49999999999995         3.66688003412291E-14     2.63642598866012E-14     3.66688003412291E-14     0.49999999999995
k = 3 has best BIC Score of -162.102708072758
Press any key to exit....
