1
mu1                   LogLik                BIC
23                    -1963.18938533205     -3928.68135575709
30                    -1718.18938533205     -3438.68135575709
30                    -1718.18938533205     -3438.68135575709
30
       xi    P(cls 1 | xi)
[1,]  9     1
[2,]  10    1
[3,]  11    1
[4,]  20    1
[5,]  21    1
[6,]  22    1
[7,]  46    1
[8,]  49    1
[9,]  55    1
[10,] 57    1
2
mu1                   mu2                   LogLik                BIC
23                    46                    -383.120857137646     -770.84688446128
15.5                  51.75                 -148.245857137646     -301.09688446128
15.5                  51.75                 -148.245857137646     -301.09688446128
15.5                  51.75
                           xi                        P(cls 1 | xi)             P(cls 2 | xi)
[1,]                      9                         1                         0
[2,]                      10                        1                         0
[3,]                      11                        1                         0
[4,]                      20                        1                         3.15675623895374E-215
[5,]                      21                        1                         1.74749530043581E-199
[6,]                      22                        1                         9.67366370378142E-184
[7,]                      46                        1.50733491400113E-195     1
[8,]                      49                        8.88556098059337E-243     1
[9,]                      55                        0                         1
[10,]                     57                        0                         1
3
mu1                   mu2                   mu3                   LogLik                BIC
26                    24                    17                    -1471.11317732182     -2949.13410992263
51.7291119642736      21.4847764685177      12.5073705641831      -71.3342538946397     -149.576263068262
51.75                 21.0000000000006      10.0000000000065      -61.5505082187278     -130.008771716438
51.75                 21                    10                    -61.5505082187278     -130.008771716438
51.75                 21                    10
                           xi                        P(cls 1 | xi)             P(cls 2 | xi)             P(cls 3 | xi)
[1,]                      9                         0                         8.87042736235329E-32      1
[2,]                      10                        0                         5.3110922496791E-27       1
[3,]                      11                        0                         3.17997090019775E-22      1
[4,]                      20                        2.08524293843048E-219     1                         3.17997090019775E-22
[5,]                      21                        4.71750074778439E-206     1                         5.3110922496791E-27
[6,]                      22                        1.06725278360597E-192     1                         8.87042736235329E-32
[7,]                      46                        1                         2.90004715217778E-129     5.70960916213306E-275
[8,]                      49                        1                         2.50460419482262E-169     0
[9,]                      55                        1                         1.86813042030027E-249     0
[10,]                     57                        1                         3.65003102061388E-276     0
4
mu1                   mu2                   mu3                   mu4                   LogLik                BIC
56                    18                    20                    55                    -180.72770776797      -370.665755907915
56.3583021909302      10.4521343592457      21.0408095008211      49.7827837930598      -33.950944499883      -77.1122293717422
56.0000015452326      10                    21                    47.5000115893204      -28.3023289433108     -65.8149982585978
55.9999999997537      10                    21                    47.4999999999509      -28.3023289431741     -65.8149982583244
55.9999999997537      10                    21                    47.4999999999509
                           xi                        P(cls 1 | xi)             P(cls 2 | xi)             P(cls 3 | xi)             P(cls 4 | xi)
[1,]                      9                         0                         1                         8.87042736235329E-32      2.22329540628561E-322
[2,]                      10                        0                         1                         5.3110922496791E-27       4.33203954649382E-306
[3,]                      11                        0                         1                         3.17997090019775E-22      8.37019322840697E-290
[4,]                      20                        6.22763242941243E-282     3.17997090019775E-22      1                         9.98955797933056E-165
[5,]                      21                        9.87710880667817E-267     5.3110922496791E-27       1                         3.22366602620131E-153
[6,]                      22                        1.56652274334975E-251     8.87042736235329E-32      1                         1.04028853628826E-141
[7,]                      46                        5.94096779324369E-22      1.16347490065877E-281     5.90956749660471E-136     1
[8,]                      49                        7.05287986329613E-11      0                         1.75850815252868E-170     0.999999999929471
[9,]                      55                        0.999999999998994         0                         1.56652272984182E-251     1.00603927866386E-12
[10,]                     57                        1                         0                         6.22763237571901E-282     4.16493995796693E-20
5
mu1                   mu2                   mu3                   mu4                   mu5                   LogLik                BIC
54                    29                    37                    51                    23                    -306.283182614447     -624.079290693865
56.0001793591558      21.997515134033       46                    47.5020582407705      15.499999999959       -75.9590013219702     -163.430928108911
55.9999999997628      21.0000981731871      46.1255111937393      48.3945311147508      10.000983171538       -28.4000877004169     -68.313100865804
56.0000000001819      21                    46.0588587274129      48.8428924880594      10                    -28.2670743747747     -68.0470742145197
56.0000000047513      21                    46.0398188746123      48.9482955030783      10                    -28.2605637267863     -68.0340529185427
56.0000000091148      21                    46.0371272113298      48.9616167094483      10                    -28.2604611764368     -68.0338478178438
56.0000000098858      21                    46.0368000507783      48.963069600494       10
                           xi                        P(cls 1 | xi)             P(cls 2 | xi)             P(cls 3 | xi)             P(cls 4 | xi)             P(cls 5 | xi)
[1,]                      9                         0                         8.87042736235329E-32      2.21657160055862E-298     0                         1
[2,]                      10                        0                         5.3110922496791E-27       9.91761525319261E-283     0                         1
[3,]                      11                        0                         3.17997090019775E-22      4.43744259312812E-267     1.94831034954568E-313     1
[4,]                      20                        6.22763033069949E-282     1                         1.01411058827801E-147     1.20065316444698E-182     3.17997090019775E-22
[5,]                      21                        9.87710557055279E-267     1                         7.57829501298749E-137     1.67106526439641E-170     5.3110922496791E-27
[6,]                      22                        1.56652224476009E-251     1                         5.66314521983179E-126     2.32578333240676E-158     8.87042736235329E-32
[7,]                      46                        1.90631878156209E-22      1.89624333211779E-136     0.987689277873277         0.0123107221267225        3.73332147188128E-282
[8,]                      49                        2.26331513185039E-11      5.64316768334246E-171     0.0122661366771669        0.9877338633002           0
[9,]                      55                        0.999999980069934         1.56652271328689E-251     5.92978140718133E-18      1.99300659703849E-08      0
[10,]                     57                        0.999999999999985         6.22763231742132E-282     1.31642867197834E-26      1.53478196697396E-14      0
Press any key to exit....
